$ANSIBLE_VAULT;1.1;AES256
36353236666462663334306336303362363338626434636166396366623365356339343163376238
3336383164626337366463653336653765626564626339650a303262613336353866633163323030
31383539346333636438336536303430643037633961346365383232376438333436373338316630
3030353731326466330a343431386431316166373935343730396161623437663537313262316534
31653234623739386435373931663234613435356365616564316134343831323133643364363231
66313761386362363130303835656362366566386638366331393438626332666435383033326233
32663833386237643765323164363435353330373762326363626534366234396333666466636338
31393964613730386166653464336432373632316365366633653061663764343465316137333631
30336636653738396438666131356338616330623466343265626531633365653937623532353236
30633637336233653066646234313663386465636366633631613561643739626433663861303866
64623938613166633464313335393033386563653466323661653463326230643462643564363331
62636336386161346361333038373833353461666132353461373362623265313836613565383965
38313734653162346661633739363035326230616330303538366462363439336138386163336465
32646161663266653430306533386363313538326137393064376632346364376533616464303130
33643939656131303837353632343330376434616439326265656662353762306434646461353664
32363430323035323363656638393339616137616537616165356631336532356138313838366263
31326236316561653337353738396633663737346135326262313566363664383863646436646263
31356435623632346365333135316634366138353230376466623961626432326264633135613537
65613439353636366238396130323937343637346133386336623064316466653964333437666330
33626239346564393365373032663330653135353338343433326435353834333861386637623334
64643533346137626530363832613833363261323830653835336131373235316361316634303064
61363866343333313031643236313861653062326630343766316636376561656634383663636164
31363132623931303033333061366339366431343632346635636132623466646461333866346630
63646431393134616139363234373930653661323161663933303764346562623565313331326464
35333731383664393530363761643063366232363534613365343532366532343366663738373831
37313936653737363031336131336630383239336662383061366431303864386236386331346564
37636534343938346438656565643763303963346561663030623932643865316533633565336332
38393361373261656466393937386331313130386465663538653233643937623437623365353935
62343230336363623733643966306334623530383566346263333061633766343833623132313635
30313636323266326530373339333766353866643065623566343938623039623663636133656236
31633739393361363436643564383436653962636137393062623934326633306130663238326138
37363635323066376166643263643961643264376166313138646535306666383765373739343735
38646162613564656333346532356665633263623265393937306663303938383935366533353732
65303338663463326231353636393361613362316465303233646661663833666664646438383330
63343631333465346537656635393838363033303131343462386433353230383865613263323962
65353461326265333836653132383066616136356661653162613331383762336565653138613635
31356233316530316335626362376437333532633637343831303965383065363266376337616265
61656333663031653438353730373035323462656163663562613437343163373637356239616363
35316330303334326530333835326635353732306333376130383130373963306333646435373663
62343866626436633163623963333035626664656131306361633762393431313732336161316631
32326162376236633336633363306564643964373237633661313333323934663532383737313963
39346139636137626232386335646465363261656131373132633065653734343863353465303434
37336531666361636230663764316561343634373630326430653732663563326261653561366130
65386364323662363363656563633739313535643537326361313836636161643761393331343864
36656536643830643864316662353732323165626464653865343838386230643236336461323238
38393462343232353866356131613831393735313330653361376466323763663334393932333236
65656430326463393434663437373634326437663430636433336138653761636439346335656162
39623631396336353634643838633339373336373766353339343334623431356630353562303433
30303637666361303430386239646366633437316434326531323466396563333030613332396666
39303566633439633131363962343565613737623061383139373338616332343933383266386664
36653034636361623537623161383939633030323539383936643562343161343739633564663232
64353333373763653435666363313035306635613534313465396164366239356563353262326630
38666364313631326239333037623063363139373566303562313164373030343164313664633432
37356436623864323732636166646563363131393737396239396138633562366463626264356335
62363035396634396365326438346533646163313966366537326661663564343330363330616236
66656637346131636438623238653663336131356466636233393038393934313635663736626364
66663430356230356262393933666636336562323731313463383864323831663433313639316631
66313566623237306231313665653236356263313134376565386531343566303737366539663665
30373963346437636438636232616535613230356238363531386534353232386363303236663137
37663031656461613038663233363164323135303565313033353831336134353462653938623566
35303038383539643138313162633332646361666438613566656136343563653361613461323863
61396139626336373037653461306161383462363235613864373837363132663639376134376264
34633734663839346230366132653663633134663331643337613333323966356232363963306365
37306335393838653132386165363735323739636438396166363565353137653865663533633564
63323435363062373166366632343239363030323433643065393137623439623465366535613465
66303766633535333963623439353662623237383631633335653136313866383932623962383838
64653066663266623163383537393039346363393564303061353438626164393237646233393739
32653131613662343664343264396133613165306233613333376464383237336531666233383439
39656166636536333434323034363865653762623132643434653863343064613437393639366635
35346632383161306432643166326332643931666363643464636364613336616235623562316236
36613331653830313631313962323831393865303937333131646566353239316566613837336231
38653839663838313334383433323938633937353932366164653537316232363061663531663134
38663465666138323131323365303832643833353536613132306431363839656465393465306439
38356635383965643063303966643431343238613039623861323331633461656134353039643338
63396561323638303038343763326639656237313334643438643930396161323031376632623662
30346662613235313737343534326165323137626365386433656333343062363239366264343361
39333462333730313137373036613763646239343866653763316135626237363333313430333934
34383362326535346532653864366630333636633931653533383766303863663930353763633136
37643939373436616266326538653932353436373763613937613933306535306530383665663766
32383135646139363739393636323530613937373666326536373139653233306439323966326231
63386538363664323431383430386338333039613935313534346539393835616565383462386433
33653533663337353362366161356239626430326333366334313465373334363932326532633239
65373064636161336439663863333531623338633236666563616638616332393663613664643336
32386363333437336531623766396664303338316162363963656562633630393264663738306261
38333464636263636465663034373637623265343232633063383732303331356266653939626237
30636666656162643335346439623262383437343738623937336637383736336261636639666338
66336532646435333234386566343039333163393330663364303338326334343866306430393532
66313861316531306535
